4.2494507
4.2905326
3.9338613
4.4544578
4.1330476
4.0954013
4.0323305
4.4133024
4.8159313
3.8022401
4.167169
4.163905
4.4827385
3.61131
4.3619447
4.397222
4.4937487
4.4483957
4.5084896
4.1203375
4.1547
4.132081
4.1129045
4.491654
4.3186564
4.438802
4.3525906
4.269221
4.459473
4.4420533
4.3123865
3.940918
4.1720715
4.20468
4.2316217
4.5160346
4.069452
4.3012347
4.1891356
4.0087495
4.1546974
4.516481
3.9270208
4.3152885
4.0077157
3.7500124
4.0389886
4.7233815
4.36773
3.7001266
3.8158443
4.2119703
4.095896
4.3671637
4.0883226
4.2045264
4.018239
3.8648567
4.138838
4.376021
4.4464216
4.3126926
4.2415133
3.7264733
3.838689
4.310688
4.322612
4.3107176
4.319485
4.3398995
4.064602
4.419246
4.279033
3.8708045
4.6431513
4.517576
4.015865
3.845994
4.216561
3.6057844
4.5059943
4.3613553
4.461914
4.375778
4.4114513
3.9138272
4.402606
4.3314962
3.9080782
4.0864673
4.3225307
4.1854463
4.09508
4.06612
4.2300673
4.242354
4.218729
4.217245
3.7696123
4.151885
4.3863115
3.9505863
4.3008385
4.85872
4.149967
3.849964
3.9929967
4.0956407
4.4154587
4.0160756
4.30763
4.342606
3.6701038
4.0801425
4.230784
4.0163474
4.336744
4.2728643
4.2567177
4.087116
4.3119917
3.947506
4.256732
4.175873
4.1023345
4.208478
4.1895967
4.221004
4.031865
4.359557
3.7872934
4.504518
4.1931314
4.102045
3.8356175
3.675445
4.2830462
4.074083
4.5219564
4.3137527
4.3020234
4.086167
4.157036
4.0731945
4.0716796
4.1665688
3.7482097
4.4560714
4.3191624
3.9526196
4.2471285
3.9793718
3.626547
4.3915334
4.2059817
4.094675
4.1171675
4.1007414
4.4882364
4.074448
4.2035394
4.536189
4.5265408
3.738142
4.0618796
4.2723365
4.306584
4.2187214
4.193779
4.3806257
4.190215
4.212638
4.1211586
4.344786
3.9203727
4.1127796
4.15377
4.1736326
3.6789382
4.2332387
4.0779834
4.15781
3.8819597
3.9389565
4.21783
4.320064
3.935045
4.313597
4.1787815
4.350384
4.3335347
4.282872
4.2959557
4.142348
4.1995087
4.603016
4.137304
4.2981644
4.3317165
4.0971284
4.2547417
4.051158
4.3824244
4.030779
4.0174766
4.275203
4.3240185
3.81588
4.469875
5.0
4.0578623
4.194624
4.4340687
4.0470753
4.036337
4.2602262
3.89459
4.584475
4.4011455
4.345371
4.24985
4.379555
4.2084374
4.290809
4.3311014
4.059865
3.8515842
4.0839415
4.113448
4.1927595
4.059512
3.9569578
4.164848
4.081085
4.126282
3.840028
4.3738737
4.1910343
4.2993007
3.8843012
4.206561
4.1787133
4.123816
4.042261
4.2246194
3.8720875
4.064601
4.0027575
3.933217
4.038473
4.2021875
4.306936
4.1273966
4.151154
3.8150024
4.397632
4.43786
3.7328506
4.1731744
4.3424606
3.9745066
4.054197
4.1431975
4.074109
4.4054775
3.9853697
4.326524
4.0706725
4.3789716
4.405927
4.327038
4.0927644
4.3542223
4.0634174
4.370083
4.46289
4.178279
4.1178994
4.1428146
4.10318
4.3385572
4.330905
4.0579147
4.214908
3.9220767
3.889747
4.571203
4.1885676
4.1841435
4.2974634
4.135085
4.2449956
4.4481974
4.2431445
3.8475828
4.0829616
4.2571683
4.520199
3.8356304
4.0194063
4.370042
4.293196
4.4349422
4.41559
4.2424307
4.4536023
3.796606
3.967501
4.215437
4.3072615
4.165991
4.40407
4.3191667
4.0747085
4.0695224
4.1055293
4.124513
4.193327
4.2403026
4.26516
3.9739134
4.1412063
4.3778415
4.266415
4.2342196
4.3138404
4.258466
3.76843
4.2949934
4.4515953
3.9131732
4.3435135
4.196986
4.2778354
4.2807446
4.0203037
4.038741
4.193278
4.3239875
4.383125
4.1825666
3.9101694
4.179761
4.2687125
4.3559036
3.7384386
4.0420585
4.127711
4.3789835
4.372853
3.676118
4.303276
4.387718
4.4778895
3.928577
4.2733235
4.1157346
4.1430044
4.1354337
4.327225
4.015039
4.2393775
4.0022883
4.1288567
4.219525
4.3756943
4.311054
4.597094
4.29394
4.366211
3.8147829
3.6647077
4.219393
4.0967026
4.4314766
4.0643063
4.179819
4.3395405
3.955865
4.4431314
4.214591
4.1055036
4.3951693
4.169955
4.1264887
3.895772
4.0030475
3.9833832
4.1455655
4.214735
4.143577
4.3048625
3.9720345
4.3184605
4.4171963
4.1138735
3.5704315
4.1974883
4.044005
4.1620607
4.156892
4.0624657
4.258686
4.3012695
4.3447595
3.8023412
4.227571
4.4336147
4.402947
3.7310255
4.2508774
3.7830472
4.444908
4.3952675
4.432059
4.462852
4.3787374
4.1435184
4.0169663
4.1567264
4.283451
3.9974828
3.572775
4.050865
4.1863914
4.1194444
4.256624
3.9992807
4.0072746
4.4074593
4.4633517
4.364433
3.7829218
4.416542
4.3922124
4.014396
4.303333
3.6556675
4.227818
4.182147
4.060087
4.2177954
4.1850286
4.1655293
4.261507
4.2754135
4.203641
4.008937
4.2117157
4.0799856
4.2229385
4.0236993
4.2292204
4.396203
4.3132777
4.2690825
4.397019
4.3960505
4.112349
4.472166
4.3133774
4.4055977
4.4241505
3.9133763
4.3574185
4.5149155
3.76008
4.1704617
4.2830257
3.579848
4.3380384
4.3662586
4.3477664
4.3446574
4.070443
4.5684104
4.0510397
4.1477714
4.304717
3.7919178
4.1237288
4.13637
4.2117896
4.2239714
4.368182
4.091148
4.1637793
4.42469
4.3750305
4.6382613
4.2652564
4.37619
4.18581
4.0292807
4.327157
3.8581717
4.0523033
3.7970629
4.3180084
4.01063
4.257255
4.053492
4.267371
3.4814982
4.1728244
4.3315134
4.0420823
4.3235607
4.2036705
4.085768
4.33994
4.5556526
3.855215
4.2275486
4.153996
4.180892
4.0744276
3.9892063
3.9677567
4.557881
4.0470467
4.208068
4.3145876
3.9564428
4.083876
4.253444
4.1103644
4.5297728
4.080082
4.3218822
3.8765225
4.0485487
3.871043
3.8565824
4.1411824
4.1461716
4.3055434
4.2499924
3.5252974
4.0062857
4.0483184
4.382958
4.4503126
4.2147784
4.21
3.816193
3.9849045
4.279945
4.3502913
4.3424664
4.2788706
4.10507
4.089033
4.6395345
4.1193457
4.1723137
4.1333027
4.249481
4.4251566
4.341257
4.2037497
4.0538187
4.428463
4.3279276
4.227247
4.0371027
4.256709
4.124977
4.289592
4.299463
4.378863
4.149157
4.540305
4.4195757
3.8155344
4.4699097
4.2844276
4.0213137
4.0583124
3.9027739
4.511182
4.3086095
4.1961603
4.090103
4.4217954
4.5536623
3.6636093
4.318038
4.3946033
4.030635
4.4337683
4.504867
4.5574355
3.4987137
4.3060007
4.4810863
4.2269683
4.0284567
4.3414874
4.2406635
4.2602787
3.9195178
4.0933847
4.242262
4.097254
4.0277543
4.0934114
4.15263
4.1975136
4.226962
4.380665
4.300423
4.005211
4.33166
4.1527624
4.1432195
3.8592458
4.4053063
4.305535
4.1688957
4.2490263
4.622565
4.408216
4.1376195
3.645876
3.9178643
4.384342
4.004567
4.1847777
4.317959
4.08323
4.052943
4.3591304
3.7638166
3.6775217
3.9776077
4.2724786
4.1473722
3.0370486
4.2910542
4.0890665
4.0147643
4.176363
4.162899
4.399022
4.012416
4.114332
4.249024
4.2627673
4.122013
4.2185383
3.929027
4.294899
4.2808814
4.144313
4.718595
4.1825733
4.6149344
4.1384296
4.2347364
3.9152696
4.186493
4.2011566
4.5611567
4.3719263
4.223482
3.9401221
4.0923896
5.0
4.202333
4.3300495
4.1658993
3.7853932
4.2464213
4.408365
4.1177993
4.429723
4.271741
4.2037067
4.126708
4.470563
4.1640825
4.3083296
4.423972
4.300254
4.184615
4.250614
4.3000383
4.1506248
4.12075
4.0599566
4.1341643
4.2302413
4.3710785
4.112516
4.2621846
4.0147753
4.0077906
4.300629
4.2809515
3.9642527
4.195954
4.228466
3.8624165
3.9087262
4.039265
4.106531
3.8195896
4.38533
4.3696837
4.246458
4.1962852
4.218469
4.203664
4.497321
4.123722
4.0182743
4.052611
4.089033
4.0842743
4.347456
4.1192904
4.364329
4.124704
4.1997523
4.39169
3.8269906
3.7900424
4.1847987
4.101172
4.04308
4.0026493
4.164767
4.3814645
4.2040973
4.2934484
4.161143
4.1865406
4.10544
4.200157
4.256001
4.116827
3.734713
4.125734
4.275792
4.4480715
4.039059
4.271883
4.0566654
4.331649
4.1869597
4.149167
3.7964258
4.371167
3.916751
3.9250386
4.1418066
4.0255904
4.4217534
4.022863
4.333759
4.158572
3.9340649
4.3628025
3.698053
4.2642074
4.30632
4.412154
3.9720602
4.0206175
3.915479
4.372869
3.6404822
4.0965505
4.1236444
4.0884466
4.2821403
4.3541603
4.0230985
3.7496176
4.27416
4.1145134
4.219243
4.2327743
4.0176473
4.1513414
4.098937
4.023257
4.305114
4.1558714
4.31107
4.493231
4.293152
4.252558
4.4136443
4.363974
4.0048013
4.0842824
4.1254764
4.502251
4.0004497
4.2653303
4.3431587
4.117954
3.7436342
4.0802407
3.840755
4.1488442
3.9640257
3.978066
4.1400914
4.3104105
4.212845
4.0304546
4.089112
4.1421647
4.2964215
4.1392717
4.172413
4.1373067
4.3522043
4.0798073
4.0657697
3.852403
4.2819905
4.388586
4.033552
4.6877427
4.237254
4.3688025
3.7543485
4.311142
4.528684
4.4975996
4.2481537
4.1140075
4.46061
4.076958
4.081646
3.8066342
4.1809483
4.521442
4.2371264
4.342765
4.1873875
4.3093586
4.1995034
4.306799
4.0682917
4.047695
4.01449
4.169491
4.305961
4.1874175
4.4602866
4.187602
4.4512467
4.394826
4.1963353
4.070384
3.9955387
4.9205856
4.356789
4.16946
4.2207675
4.252448
4.3604317
4.081612
4.097696
4.227827
4.293377
4.1193
4.157129
4.335049
4.334008
3.8966274
4.382103
4.3269343
4.1997223
4.053604
4.100265
4.2052703
3.9751937
4.1716747
4.211697
4.6211376
4.2524405
4.28517
4.190905
4.129945
4.6261754
4.3984146
4.2256093
3.9327102
4.1843314
4.2711515
3.617025
3.8467255
3.9492116
4.327423
4.0016346
3.9161162
4.3659334
4.438246
4.282153
4.385986
4.0377064
4.35803
4.2318974
4.4084234
3.9785028
4.1266375
4.3779335
4.1757913
4.3075943
3.5895686
4.413575
4.239533
4.7703357
4.3360763
4.17676
4.12273
4.1216445
4.183939
4.0690947
4.3051996
4.186776
4.5990415
4.177848
4.4002323
4.0497904
4.0817604
4.0684896
4.6281343
3.9373012
4.231927
3.695781
4.2671437
4.213715
3.9543712
4.1705136
4.841395
3.9331923
4.4069533
4.1758432
3.7487342
4.4116993
4.0044975
4.390905
3.6365585
4.1302886
4.182151
4.4732237
4.1596155
4.1848965
4.32643
4.099922
4.1317587
4.4954147
4.2132816
4.2175636
4.284379
4.2318697
3.7616568
4.177309
3.9276338
4.290938
4.117161
4.305961
4.3414917
4.1195936
4.356835
4.1179733
3.8676813
3.8704088
4.1448708
4.0265145
4.2099237
4.349739
3.9573178
4.0530024
4.4645176
3.9337955
4.0361853
3.8942387
3.9399743
4.2173233
4.1731296
4.2292495
4.199181
4.11385
4.5461407
4.0061693
4.3638864
4.161443
3.872112
4.1654696
4.547124
4.4333954
4.161897
3.846331
4.209753
4.0192356
4.270305
4.2028522
4.170127
4.348444
4.3674636
4.2408867
4.040046
3.9732995
4.039889
4.2345185
4.3556767
3.8657017
3.8523672
3.7249808
4.1031184
4.1643314
4.199901
4.1028366
4.0611906
4.099163
4.22098
4.1192703
4.104279
4.195581
4.032933
4.6411943
4.065623
4.252999
3.7523696
4.171004
4.34428
4.300243
3.8699026
4.1059628
3.7729743
3.9801934
4.277831
4.063207
4.0947995
4.205974
4.324586
4.17036
4.2357674
4.061256
4.321738
4.3395023
4.2312403
4.369626
4.2518272
4.3406005
4.3404894
4.160655
4.309432
4.230247
4.4817023
4.0391607
4.377368
4.0474143
3.8352897
3.9666371
4.2213283
4.2876425
3.9699335
4.04723
3.9991472
4.094161
4.316494
4.1498866
4.7504115
4.3437366
4.0656443
4.085131
4.3388305
4.224384
4.174281
4.3740783
4.1033688
4.0618544
4.1293244
4.3510647
4.3706756
4.523973
3.9452333
4.2574353
3.8074298
4.471758
4.348412
4.0666847
4.399549
4.413804
4.0840254
4.2477956
3.9614697
4.181174
4.039214
4.415956
4.151186
4.180047
3.965345
4.45487
4.2287564
4.1815224
3.8637602
4.368711
4.162692
4.0432634
4.2000046
4.085364
4.537596
4.1065497
3.889418
3.9217165
3.9070807
4.0641446
4.5054917
4.296188
4.113065
4.2111926
4.150954
4.104679
3.9623597
4.026968
4.0671554
4.366245
4.3636365
4.016564
4.049623
4.1964316
4.2788715
3.8847601
4.0860806
3.9618373
3.5895686
4.336714
4.125547
4.4409256
3.8700552
4.052751
4.442248
4.1510377
4.0433536
4.105059
3.9323997
4.391967
4.1712236
3.988738
4.2564135
4.2076125
4.231857
4.4647746
4.1321745
4.176038
4.1133466
4.422859
4.512633
4.386969
4.0000315
4.1441503
4.3523574
4.279857
3.6363351
4.3810253
4.0304956
4.4971685
4.1656265
3.9445138
3.9572203
4.1932006
4.197733
4.1577845
3.7524903
3.9584067
4.294522
3.883579
4.512513
4.292826
4.077501
4.058238
4.042445
3.8646998
4.4138255
4.2007084
4.29625
4.7153025
3.727365
4.2429323
4.605406
3.6347308
4.220332
4.585579
3.5290887
3.924509
4.188761
4.0912905
4.0957694
4.304751
3.9750571
4.134046
3.9198375
4.3463497
3.9355443
4.476334
4.6040597
4.141409
4.195217
4.18642
4.478878
4.127077
3.757583
4.217293
4.2586946
4.0484385
4.1918163
4.391468
4.1624064
4.3828897
3.9945295
4.3396487
4.285425
3.758453
3.76652
4.074821
4.1751375
4.4438195
4.470214
4.300064
4.0807776
4.22845
4.1796184
4.1662774
4.2218914
4.0308714
4.2244706
4.3260617
4.0887995
4.02379
4.0659018
4.3653364
4.2174015
4.3273377
4.11282
4.089099
4.500099
4.1803713
3.9495292
3.952711
4.3381553
4.084337
4.1999207
4.1565065
3.9603922
3.726604
4.332003
4.35839
4.044332
4.0098495
4.1816335
4.492311
4.040547
4.213571
4.2572556
4.3365545
4.260509
4.266232
4.303552
4.4336243
4.3733115
4.453125
3.8084955
4.267799
4.082695
3.8357987
4.2037497
3.8969407
3.9406788
3.6666698
4.2858653
4.0902348
3.9228458
3.9883876
4.2794027
4.211889
4.1665573
3.9608133
4.180218
4.1364036
4.613748
4.3120103
4.223318
4.2238803
3.9575663
3.740346
3.807681
4.2792263
4.2469697
3.9814858
4.2138777
4.195698
4.3543844
4.4728155
4.9993234
4.55103
4.1012006
4.2983885
4.696682
4.166903
4.16477
3.9536188
3.9126792
4.3788075
3.6202126
4.0048637
3.9100182
3.643339
3.9031115
4.165961
3.7473278
4.276208
4.099328
4.24304
4.0317554
4.2218776
4.364925
4.04056
3.9680734
4.089227
4.018069
4.2890186
4.0922275
4.319234
4.4887204
4.2262893
4.2546344
4.9817424
4.2342863
4.2811947
4.3543196
4.4886
4.0604777
4.27349
3.636634
4.232232
4.021061
4.3758116
4.243727
4.492441
4.24385
4.193851
4.418476
4.273892
4.444731
4.267542
4.232221
4.133403
4.097726
4.2960753
4.0709643
4.1980066
3.8244638
4.017363
3.7819173
4.2539735
3.8528242
3.5229564
4.33077
4.3607607
3.8545604
4.1448884
4.3380575
4.198295
4.2205453
4.371046
3.9883685
4.4405427
4.036854
4.1829515
4.3248916
4.2813797
3.808545
4.060898
4.2979403
4.403237
4.281668
4.20081
4.0972233
4.3109446
4.4638915
4.1027765
4.5407443
3.9949923
3.9462032
4.252781
4.053002
4.355653
4.5646014
4.3091187
4.04871
3.6634266
4.1684966
4.098555
4.218159
4.2074766
4.317908
4.310095
4.240795
4.2855897
4.0664635
4.0020304
4.565261
3.9111748
4.0890865
4.14486
4.0074563
3.7718031
4.148158
4.292968
3.7457204
4.1148543
3.9529457
4.1538696
3.9416196
4.0422935
4.331116
4.1261907
4.373123
3.5836868
4.2098155
4.2426853
4.135453
4.326208
4.14388
4.4490237
4.106263
4.4101343
4.426881
4.286408
3.2691474
3.9369676
4.435558
4.1899614
4.4798126
4.0352697
4.3014364
3.7363925
3.5461333
4.1420307
3.6618443
4.362502
4.159222
4.22453
4.1706877
4.405294
4.5002074
4.3342743
4.402151
4.3157864
4.415454
4.267274
4.05537
4.404462
4.4443693
4.191772
4.1190248
4.481632
4.2248435
4.3273354
4.1416817
4.2990794
4.235121
4.404233
4.1442194
4.065853
3.943017
4.717743
4.1506042
4.170473
3.976569
4.099707
4.078435
4.161729
4.245556
4.193804
4.136292
4.0812664
4.12502
4.3991933
4.3438573
4.4053016
4.015181
4.1934996
4.443562
4.3904104
4.163537
4.345171
4.3743825
4.1529207
4.18097
4.0696974
3.9176893
3.8794556
4.199759
3.674557
4.3003335
4.123978
4.2380433
4.139477
4.4708962
4.234791
4.0503945
4.0660143
4.195542
4.0425825
4.101999
4.458612
4.1260233
3.9828432
4.058122
4.4292865
4.382098
4.4436417
4.5252256
4.180311
4.1481886
4.2260237
4.261987
4.5549994
4.260253
4.4545403
4.2757554
4.3910093
4.095434
4.2925253
4.6020217
3.9151623
4.2470026
4.223098
4.298723
4.1553054
4.309831
4.1704354
4.007664
3.9892244
4.367873
4.0039177
4.270906
4.050483
4.7908993
4.346884
3.8778687
4.297536
4.0994277
4.078034
3.6715431
4.1306577
3.9992628
4.857754
4.365175
4.1606097
4.066819
4.785853
4.1609735
3.991951
3.7495015
4.35285
4.3219814
3.611808
4.4532156
4.8468866
4.0159864
4.261852
3.832902
4.2466984
4.3031034
4.299568
4.307162
4.4388394
4.1422186
3.85672
4.0364623
4.0474405
4.120057
4.072784
4.013165
3.9370723
4.3911023
4.5979548
4.168213
4.402165
4.399688
4.096423
3.9241326
3.9289198
4.420727
4.1679583
4.0142126
4.2487826
4.2956777
4.390369
4.2590528
3.920418
4.295439
4.1694856
3.948525
4.509253
4.1545477
4.2075615
4.2362456
3.9139032
4.200612
4.345297
4.345523
4.3507504
3.9892604
4.184011
4.300638
4.2256427
4.376132
4.1753197
4.018747
4.4397287
4.324484
4.216698
3.9119017
4.3076463
4.0534277
4.3025074
3.6992116
4.0352197
4.3370113
4.3846183
4.4523306
4.218621
3.8298197
4.280359
4.080098
3.974755
2.9425666
4.116851
4.0980015
4.31645
4.3849697
4.357682
4.359918
4.226987
4.152446
4.1785836
4.2209473
3.978206
4.1940317
4.3311634
4.0903883
3.659806
4.224907
4.067516
4.3168473
4.2172613
4.174115
4.074336
4.5052705
4.0646715
3.9644299
3.9107113
4.267914
4.327286
4.3875747
4.0920653
4.1568327
4.3249006
4.648721
4.157239
4.3267746
4.03418
3.8378427
4.445731
4.197861
4.427659
4.4404726
4.4655404
3.5686815
3.9999743
4.2910357
4.126158
4.30561
3.9120247
4.171743
4.2622
4.0189524
4.313703
3.9128425
4.163072
4.5083594
4.1575804
3.1622448
4.321403
4.1265817
4.0164337
4.0441813
4.131068
4.459299
4.101444
4.1377063
4.0587277
4.282458
4.010948
3.976537
4.3255167
4.3017573
4.4437366
4.24072
4.339067
4.373512
4.302712
4.1732373
4.0361447
4.1945257
4.178279
4.4686832
3.6359355
4.6069202
4.0379934
4.097871
3.830434
3.972321
4.151875
4.4179435
4.163556
4.312523
3.7508826
4.351043
3.8669147
4.4356685
4.296914
4.8386617
4.0875587
4.1832438
4.0610456
3.780712
4.476419
4.1125484
4.1778593
3.9274762
4.2932696
3.7496207
3.5118687
3.9107366
3.9450762
3.785717
4.3359632
4.441042
4.317711
4.401516
4.074302
4.117344
4.281074
4.335039
3.6239946
4.1772876
4.2605715
4.2941866
4.309291
4.4066706
4.15821
4.0490103
4.3195057
4.4452705
4.3632145
4.5674834
4.3127317
4.521343
3.930998
4.170442
4.9593
4.327738
4.44261
4.08297
4.1112337
4.138194
4.199023
4.156713
4.157905
4.0962067
4.309557
4.4628625
4.139618
4.138991
4.1302752
4.036597
3.8547368
4.18586
4.3743987
3.9783025
4.557104
4.2194366
4.2327714
4.1471252
4.299156
4.320546
4.2012258
4.4520755
4.0586
4.348442
3.8207598
3.8400042
4.1326866
4.3173337
4.0443983
4.1923184
4.3389325
4.3584666
4.0936856
4.391541
4.040704
3.8588262
4.386101
4.506242
4.309705
4.433121
4.401985
4.0123696
4.192647
4.386144
4.3407683
4.2435513
4.3026695
4.075547
4.194973
4.031702
4.307504
3.6420045
4.3061495
4.3967047
4.1744776
3.8385103
4.533215
4.309801
4.1713505
4.095484
4.253022
4.2994685
3.70793
4.312025
4.016364
3.5603306
3.931558
4.374777
4.3359976
4.146916
4.1108046
4.144595
4.3286557
4.27308
3.9706235
4.407855
4.0523143
2.6415129
4.024907
4.3976965
4.211144
3.974618
4.4258533
3.9873555
3.9473221
3.868574
4.230085
4.111524
4.353743
4.194014
4.3643103
4.0978765
4.670883
4.342041
3.6580596
4.527053
4.0977936
4.366658
4.271383
4.106067
4.1234784
4.03353
4.250659
4.155056
4.192536
4.066559
4.178239
4.459487
4.34587
3.8986042
4.2545247
4.222088
4.580403
3.9753315
4.405899
3.9260151
4.5086994
4.016651
4.021573
4.3819413
4.3240957
4.199399
3.950337
4.044057
4.047926
3.9912405
3.7248569
3.9326322
4.139908
4.0341916
4.6709733
4.214228
4.269184
4.3549247
4.022457
3.9658055
4.2420297
4.145764
4.1966934
4.0982823
4.2385592
4.1338406
4.2473326
4.405991
4.3201747
4.093994
4.3856983
4.362563
4.072718
3.6810648
4.184855
4.25332
4.2613654
4.2799706
4.181512
3.833916
3.922989
3.9555974
3.9432838
4.3540497
4.147574
4.033399
4.099681
4.354369
4.0991116
4.3199706
3.7513998
3.9617112
4.1997876
4.0486736
4.0183177
4.694212
4.33562
3.5350804
3.900817
4.1594057
4.081095
4.307323
4.403702
4.055933
4.8270063
4.20232
4.2675767
4.295612
4.25208
4.2797556
4.2894297
4.0476985
4.9116416
4.0196953
4.1940227
4.042751
4.4237895
4.0274935
4.1520214
4.32348
4.076008
3.8695416
4.298363
4.346683
3.9382854
4.3047533
4.1232543
4.310252
4.0499506
4.3062177
4.263075
3.852708
3.929334
4.2691765
4.200996
4.3294578
4.321162
4.0937204
3.9915416
4.2432528
4.0643578
4.210757
4.1383038
4.1583805
4.5424914
4.388193
4.251518
4.214623
4.2556434
4.2284584
4.156172
4.279165
4.0796933
4.168301
4.4511743
4.1338463
4.376916
3.7469192
4.295583
4.13182
4.305233
4.153266
3.988834
4.5094924
3.98917
4.2620797
4.3061175
4.1822906
4.1623135
4.3217354
4.124412
3.9534817
4.4491153
4.1946087
4.3510466
4.075678
4.449089
3.8566673
4.114168
4.3012533
3.6507635
4.858032
3.964325
3.9227433
4.1999855
4.2186346
4.409765
4.213932
4.339105
3.8262558
4.39729
4.137911
4.0597525
4.0380144
4.1930184
4.0922184
4.211693
4.407192
3.6391
4.001895
4.3847775
4.081364
4.371144
4.1004558
4.330656
4.3187075
4.216979
4.052136
4.1787214
4.2909927
3.887155
4.1868877
4.172653
4.337288
4.304775
4.2092576
3.8850904
4.229495
4.3807945
4.155826
4.038398
4.0781507
4.338023
4.1014853
4.2039614
4.3730884
4.124118
4.2462544
4.4847302
4.256001
4.3655043
4.0970144
3.8057015
3.9874723
4.2703156
4.2706842
3.7966952
3.6717958
4.470867
4.370406
3.9719076
4.3114405
4.068668
3.9120016
4.5055423
4.0875177
4.349288
3.9313185
4.094231
4.695952
4.1762166
4.0107145
3.9427013
4.1970973
4.420947
4.234018
4.319322
3.852186
4.3342357
3.6862442
4.4334044
4.3021164
4.137612
4.012049
4.1424513
4.636333
4.1170816
4.3727655
4.3022294
4.2888565
4.2374077
4.4925494
4.380681
4.3501096
4.6920447
4.0313168
3.994312
3.9190106
4.254523
4.427818
4.2456603
4.3649354
4.397357
4.2409368
4.4170203
4.26956
4.32902
4.010525
4.1579857
4.288233
4.283418
3.9813352
4.042158
4.327158
4.0337143
4.476791
4.0478663
3.8285325
4.1343412
3.8531067
3.8895621
4.068978
4.2477307
4.231538
3.985163
4.0796337
3.5503147
4.1102557
4.0099807
4.23914
4.2240314
4.2601495
3.964117
4.4183187
4.458481
4.0027804
4.165878
4.236675
4.354514
4.034665
4.177202
4.03326
4.3709846
3.7834759
4.187168
3.9701498
3.6972759
3.66127
4.253944
4.1611366
4.182108
4.104824
3.9985995
4.004232
4.0927134
3.5720901
4.3412366
3.8428206
4.0655975
4.306372
4.350359
3.8826597
4.0030622
4.271124
4.0490713
4.065143
4.1189046
4.205864
4.2418294
3.932068
4.142055
4.093991
4.16769
4.2925663
4.068054
4.23915
4.1675644
4.3323717
4.0443163
4.549975
4.3603034
4.24111
4.0468693
4.241767
4.1304116
4.047641
3.6042168
3.6447282
4.0253444
4.151431
4.106576
4.134062
4.357094
4.243926
4.0719805
4.1383452
4.3157234
4.161913
4.4058614
4.1517673
4.0782294
4.3352056
4.186606
4.148596
4.209488
3.9244304
4.479454
4.1969376
4.0071254
4.345938
4.2245407
4.314255
4.216576
4.3277154
4.200335
4.227744
4.2181234
4.238389
4.2641125
4.225833
4.049092
3.3883958
4.2282434
4.038313
4.065524
4.214078
5.0
4.1269035
4.1231685
4.173033
3.771881
4.189827
4.63617
3.7785676
4.288983
4.2621555
3.9319172
4.20966
3.9309702
4.090228
4.290166
3.8283114
4.383263
4.2164297
4.319853
4.315303
4.2501106
4.1100163
4.182658
4.0955677
4.234584
3.7481034
4.3239794
4.399575
4.4285707
4.698859
4.303896
3.850873
4.3414392
3.9913278
4.18119
4.163284
4.3377647
4.2015095
4.1169715
4.366418
4.2323394
3.920555
4.3187976
4.3844614
4.3527546
4.1340914
4.188773
4.3320217
4.1222515
4.412053
4.4333167
4.1177616
4.2349043
3.8331685
4.3403854
4.3237133
4.2955465
4.2607374
4.3620543
4.14297
4.239393
4.1653366
4.127201
4.124178
3.8957267
4.10225
4.321226
4.993277
3.9993727
4.5251236
4.304939
4.0871673
4.406269
4.4448233
4.5824513
4.2863536
4.282052
4.29988
4.0405793
4.077462
3.959092
4.498166
4.272632
4.2862816
4.588498
4.300446
4.2648783
4.491009
4.982134
4.5615478
4.0746064
4.26691
4.151308
4.273754
4.3010607
4.121373
3.686931
4.5779395
4.008148
4.114203
4.3499236
4.3987155
3.5366788
3.9055884
4.186373
4.3154826
4.3203278
4.1334543
4.100874
4.127292
3.8059714
4.1550465
4.0243225
4.069618
3.9990687
4.118596
4.2815633
4.2309246
4.066609
4.431922
4.132513
4.1585126
4.1341667
4.4055963
4.2782793
4.1131363
4.4585857
4.161012
3.7119346
4.4714365
4.4167843
3.654989
4.3174005
4.2896237
4.5192523
3.953129
3.9971151
4.4531546
4.4075007
4.4691877
3.924014
4.1122184
4.4103756
3.683438
4.16947
3.6972542
4.3785295
4.2601104
4.3761997
3.8978214
4.287886
4.166017
4.2710557
3.7282908
4.1264057
3.9603977
4.0357037
4.336473
4.1009502
4.433391
4.0685673
4.5123696
3.792083
3.7800937
4.10301
4.2531757
4.2426734
4.235845
4.3932447
4.0429835
4.483801
3.930873
4.120004
4.4313235
4.3229494
4.349227
4.3166056
3.4603727
3.7083223
4.1790814
4.215723
3.9797342
4.3552504
4.0884066
4.1024227
4.133282
4.550924
3.940612
4.3458185
4.1243143
4.343305
4.3390503
4.2485256
4.1318474
4.130805
4.417503
3.7318316
4.8958106
4.372562
4.1443663
4.001756
3.9385905
4.0626206
4.561637
4.195022
4.525252
4.1503773
4.1229095
4.1151237
4.300052
3.9512894
4.1554923
4.3798413
4.2555695
4.0839596
4.2395144
4.4848757
4.064218
4.0296736
3.7264314
4.0861707
4.459899
4.118784
4.2405257
4.0391784
4.2357426
3.831482
4.4999137
4.062534
3.8680422
4.1407638
4.2025957
4.1487875
4.290876
4.0176706
4.4267187
4.1182976
4.0043902
4.038208
4.347963
4.1833653
4.1785173
4.301981
4.4070387
3.7692497
4.108518
4.0972886
4.350418
4.3734756
4.0144362
4.104807
4.31963
3.662303
3.8167477
4.449435
3.9504406
3.9507258
4.1017323
4.1015816
4.3731837
4.033907
4.559209
4.5186734
4.3278112
4.3058434
4.3308716
4.3372808
4.360135
4.0718546
4.0005774
3.8301167
4.3356977
4.2253666
4.106472
4.001234
4.417698
4.3844156
4.2346115
3.6861706
3.9668753
4.3401327
4.0855856
4.0424805
4.3060436
4.444277
4.3675523
3.807447
3.9559224
3.9598181
4.545175
4.3919497
4.321645
4.1485777
4.059018
4.2073226
4.113728
3.9446414
4.2494073
4.0587463
4.228224
4.296318
4.1729054
4.3593273
4.4117966
4.1837764
4.0208235
3.9714768
3.9708092
4.3163915
3.9595032
4.3821545
4.393848
4.175355
4.417305
4.3521085
4.0491624
4.5414157
4.2535167
3.7404168
4.184794
4.3644986
4.404526
4.3137565
4.0139136
3.9618998
4.019973
4.1484017
4.3141737
4.2771187
3.998786
4.057376
3.8988652
4.5583963
4.263036
4.408823
4.080762
4.202481
4.389082
3.7718492
4.346532
3.7312136
4.1708307
4.3618793
4.376027
4.0050917
4.300232
4.252659
4.056564
3.9898577
4.3205004
4.2611856
4.356695
4.518227
4.3710346
3.946966
3.7574232
4.425209
4.3440013
4.304815
4.294208
4.2943773
4.0117593
4.1399584
4.2842956
3.803445
4.181511
3.9901876
4.0153265
4.0750484
4.2045584
3.9220464
4.2109437
3.7357144
4.348051
3.9005783
4.459962
4.3433313
4.0867457
4.3345904
3.63905
4.4165726
4.3296223
4.3350306
4.38326
3.6866102
4.1185303
4.254176
4.269314
4.3488383
4.3683825
4.024349
4.216618
4.273214
4.56418
4.187273
4.2538185
4.3302546
4.101934
4.3972917
3.8839996
4.062292
4.149265
4.1597633
3.651163
4.0114837
4.399154
4.093929
4.3975477
4.130465
4.0090294
4.078456
4.103003
4.401217
4.0815115
4.1137295
3.752514
4.1905913
4.3786626
4.231163
3.8929462
3.9908404
3.9910002
4.0389338
3.93215
4.3114367
4.300899
4.346607
4.2790074
4.3919096
4.096627
4.4354763
4.406888
2.9267616
4.315864
3.5967324
4.077252
3.7459679
4.1140814
4.078236
4.2204432
4.161441
4.290123
4.2362423
4.3522763
3.8910964
4.350545
4.292352
4.688361
4.348233
4.264071
4.325358
4.0486946
3.7609992
4.077075
3.910897
4.13502
4.07848
4.2798405
4.246392
3.9598074
4.3220463
4.2291474
4.254363
3.792623
4.198698
4.177104
4.2333694
4.0377774
4.288126
3.9423656
4.055305
4.3393717
4.071047
4.2215815
4.386345
4.176645
4.301428
4.3881598
4.4599504
4.2421303
4.3355427
4.3201694
4.0343957
4.124448
4.3945723
4.3114796
3.791966
4.8879137
4.063383
4.2578073
4.2777853
4.0100083
4.0959287
3.829234
4.088954
3.9602685
4.0242453
4.0033927
4.338523
4.2411585
3.7785616
4.232151
4.3250957
4.247802
4.520982
4.377872
4.4082193
4.1473417
4.1717525
4.161715
4.317503
4.3304777
3.8841262
4.321708
4.2983465
4.302342
4.2967663
4.179575
4.073538
4.1182685
4.4223123
4.020766
4.1086345
4.359013
3.9950106
4.114018
4.3106055
3.857787
4.1613016
4.203077
4.1132517
4.3209143
4.218519
4.121938
4.397224
4.232282
4.1257896
3.6865544
4.2206087
4.3438983
3.8919268
4.3009524
4.3805537
4.1888385
4.4893303
4.280897
4.0018873
3.971624
4.1255445
4.3124585
4.1764984
4.1396637
3.7774143
4.205203
4.4963527
3.7416382
4.409055
3.8700864
3.9845672
4.176618
